function cmap = CMR()

cmap =[[     0         0         0]; ...
       [0.0187    0.0187    0.0625]; ...
       [0.0375    0.0375    0.1250]; ...
       [0.0562    0.0562    0.1875]; ...
       [0.0750    0.0750    0.2500]; ...
       [0.0938    0.0938    0.3125]; ...
       [0.1125    0.1125    0.3750]; ...
       [0.1312    0.1312    0.4375]; ...
       [0.1500    0.1500    0.5000]; ...
       [0.1688    0.1500    0.5312]; ...
       [0.1875    0.1500    0.5625]; ...
       [0.2062    0.1500    0.5938]; ...
       [0.2250    0.1500    0.6250]; ...
       [0.2437    0.1500    0.6562]; ...
       [0.2625    0.1500    0.6875]; ...
       [0.2812    0.1500    0.7188]; ...
       [0.3000    0.1500    0.7500]; ...
       [0.3375    0.1562    0.7188]; ...
       [0.3750    0.1625    0.6875]; ...
       [0.4125    0.1687    0.6562]; ...
       [0.4500    0.1750    0.6250]; ...
       [0.4875    0.1812    0.5938]; ...
       [0.5250    0.1875    0.5625]; ...
       [0.5625    0.1938    0.5312]; ...
       [0.6000    0.2000    0.5000]; ...
       [0.6500    0.2063    0.4562]; ...
       [0.7000    0.2125    0.4125]; ...
       [0.7500    0.2188    0.3688]; ...
       [0.8000    0.2250    0.3250]; ...
       [0.8500    0.2313    0.2812]; ...
       [0.9000    0.2375    0.2375]; ...
       [0.9500    0.2437    0.1937]; ...
       [1.0000    0.2500    0.1500]; ...
       [0.9875    0.2812    0.1312]; ...
       [0.9750    0.3125    0.1125]; ...
       [0.9625    0.3438    0.0938]; ...
       [0.9500    0.3750    0.0750]; ...
       [0.9375    0.4062    0.0562]; ...
       [0.9250    0.4375    0.0375]; ...
       [0.9125    0.4688    0.0187]; ...
       [0.9000    0.5000         0]; ...
       [0.9000    0.5312    0.0125]; ...
       [0.9000    0.5625    0.0250]; ...
       [0.9000    0.5938    0.0375]; ...
       [0.9000    0.6250    0.0500]; ...
       [0.9000    0.6562    0.0625]; ...
       [0.9000    0.6875    0.0750]; ...
       [0.9000    0.7188    0.0875]; ...
       [0.9000    0.7500    0.1000]; ...
       [0.9000    0.7688    0.1500]; ...
       [0.9000    0.7875    0.2000]; ...
       [0.9000    0.8062    0.2500]; ...
       [0.9000    0.8250    0.3000]; ...
       [0.9000    0.8438    0.3500]; ...
       [0.9000    0.8625    0.4000]; ...
       [0.9000    0.8813    0.4500]; ...
       [0.9000    0.9000    0.5000]; ...
       [0.9125    0.9125    0.5625]; ...
       [0.9250    0.9250    0.6250]; ...
       [0.9375    0.9375    0.6875]; ...
       [0.9500    0.9500    0.7500]; ...
       [0.9625    0.9625    0.8125]; ...
       [0.9750    0.9750    0.8750]; ...
       [0.9875    0.9875    0.9375]; ...
       [1.0000    1.0000    1.0000]];
return
end
